adaptive_thresholding:
  ACC: 97.5273
  DSC: 76.1106
  FN: 5571.928571428572
  FP: 2024.3214285714287
  PRE: 84.3697
  SE: 71.8094
  SP: 99.3036
  TN: 288654.2380952381
  TP: 10949.511904761905
histogram_analysis:
  ACC: 98.1877
  DSC: 81.3935
  FN: 3687.095238095238
  FP: 1880.3095238095239
  PRE: 85.4999
  SE: 79.856
  SP: 99.3562
  TN: 290539.0714285714
  TP: 11093.52380952381
proposed_cnn_bcn:
  ACC: 99.8931
  DSC: 98.735
  FN: 171.6785714285714
  FP: 156.75
  PRE: 98.7918
  SE: 98.6783
  SP: 99.9467
  TN: 294054.4880952381
  TP: 12817.083333333334
